1 -73530767 41085396 40,68,88,93,104,120,121,165,175,220,250,294,299,-1
2 -73530538 41086098 -1
3 -73519366 41048796 -1
4 -73519377 41048654 -1
5 -73524567 41093796 -1
6 -73525490 41093834 -1
7 -73531927 41110484 -1
8 -73530106 41110611 -1
9 -73529341 41125895 -1
10 -73529746 41127369 -1
11 -73530583 41125051 -1
12 -73529763 41085358 -1
13 -73529834 41086062 15,95,109,225,-1
14 -73613384 41065086 -1
15 -73615019 41065131 -1
16 -73693133 41058075 48,135,273,-1
17 -73694273 41059296 -1
18 -73512230 41287431 -1
19 -73511896 41286556 -1
20 -73501634 41286067 -1
21 -73501424 41284975 -1
22 -73500122 41286141 -1
23 -73554632 41132182 -1
24 -73554531 41129747 -1
25 -73663848 41025429 -1
26 -73663287 41025629 -1
27 -73553622 41060382 -1
28 -73553544 41059680 -1
29 -73533483 41102140 -1
30 -73532867 41102096 -1
31 -73652664 41072067 -1
32 -73648980 41073376 92,104,144,189,216,285,-1
33 -73668652 41047604 -1
34 -73669471 41049289 -1
35 -73668261 41047675 -1
36 -73662672 41050897 -1
37 -73662729 41051221 -1
38 -73655912 41070248 -1
39 -73656372 41071096 -1
40 -73668218 41052150 -1
41 -73668468 41052448 -1
42 -73533430 41103106 -1
43 -73662572 41021797 -1
44 -73662384 41021304 -1
45 -73661847 41019769 -1
46 -73673000 41033345 -1
47 -73673683 41034194 -1
48 -73530423 41086646 -1
49 -73643912 41025575 -1
50 -73643471 41026897 -1
51 -73642981 41026378 -1
52 -73658549 41033021 -1
53 -73660678 41032081 -1
54 -73632931 41032067 -1
55 -73633371 41032397 -1
56 -73632908 41032504 -1
57 -73632071 41032697 -1
58 -73630914 41031204 -1
59 -73630671 41030597 -1
60 -73601619 41028326 -1
61 -73600669 41029197 -1
62 -73605622 41025109 -1
63 -73602775 41025457 -1
64 -73604553 41028506 26,115,167,-1
65 -73604557 41029434 -1
66 -73631495 41031536 -1
67 -73605616 41027277 -1
68 -73601961 41028204 -1
69 -73600074 41029328 -1
70 -73599874 41029708 -1
71 -73600269 41029597 -1
72 -73536328 41160736 -1
73 -73533528 41164875 -1
74 -73564333 41036486 -1
75 -73564468 41037197 -1
76 -73565953 41036816 -1
77 -73560221 41029613 -1
78 -73560423 41030025 -1
79 -73561203 41029222 -1
80 -73562368 41033997 -1
81 -73559019 41030486 -1
82 -73567336 41025359 -1
83 -73567768 41025297 -1
84 -73566886 41023827 -1
85 -73654508 41119244 -1
86 -73646405 41115564 -1
87 -73635347 41119488 -1
88 -73653393 41012305 -1
89 -73653671 41012097 -1
90 -73655018 41012242 -1
91 -73654474 41012239 -1
92 -73654393 41011808 -1
93 -73654671 41011697 -1
94 -73666085 41024954 -1
95 -73666254 41024939 -1
96 -73623471 41079096 -1
97 -73626271 41079096 -1
98 -73623271 41077996 -1
99 -73626971 41078096 -1
100 -73622671 41070696 -1
